;ID              	Node1           	Node2           	Length      	Diameter    	Roughness   	MinorLoss   	Status
 0               	118             	107             	7401.000000 	20.453411   	138.000000  	0.000000    	Open  	;
 1               	17              	0               	359.000000  	7.999894    	139.000000  	0.000000    	Open  	;
 2               	0               	2               	324.000000  	7.999894    	139.000000  	0.000000    	Open  	;
 3               	3               	4               	697.000000  	7.999810    	139.000000  	0.000000    	Open  	;
 6               	5               	4               	574.000000  	7.999807    	139.000000  	0.000000    	Open  	;
 7               	5               	6               	238.000000  	7.999912    	139.000000  	0.000000    	Open  	;
 8               	6               	7               	502.000000  	8.000000    	139.000000  	0.000000    	Open  	;
 9               	8               	6               	396.000000  	7.999894    	139.000000  	0.000000    	Open  	;
 10              	9               	8               	377.000000  	7.999894    	139.000000  	0.000000    	Open  	;
 11              	18              	9               	308.000000  	7.999947    	139.000000  	0.000000    	Open  	;
 12              	9               	8               	837.000000  	7.999841    	139.000000  	0.000000    	Open  	;
 13              	2               	113             	56.000000   	8.000000    	138.000000  	0.000000    	Open  	;
 14              	114             	10              	599.000000  	7.999901    	138.000000  	0.000000    	Open  	;
 15              	1               	109             	125.000000  	16.000000   	138.000000  	0.000000    	Open  	;
 16              	10              	11              	409.000000  	7.999841    	138.000000  	0.000000    	Open  	;
 17              	110             	34              	124.000000  	12.000000   	138.000000  	0.000000    	Open  	;
 18              	108             	1               	320.000000  	30.000000   	138.000000  	0.000000    	Open  	;
 19              	126             	108             	51.000000   	30.000000   	138.000000  	0.000000    	Open  	;
 20              	12              	13              	597.000000  	8.000000    	140.000000  	0.000000    	Open  	;
 21              	12              	11              	671.000000  	7.999810    	138.000000  	0.000000    	Open  	;
 22              	14              	12              	332.000000  	7.999863    	139.000000  	0.000000    	Open  	;
 23              	5               	15              	2089.000000 	7.999852    	139.000000  	0.000000    	Open  	;
 24              	15              	3               	50.000000   	8.000000    	139.000000  	0.000000    	Open  	;
 25              	15              	111             	57.000000   	8.000000    	140.000000  	0.000000    	Open  	;
 26              	112             	14              	69.000000   	8.000000    	140.000000  	0.000000    	Open  	;
 27              	14              	16              	928.000000  	8.000000    	140.000000  	0.000000    	Open  	;
 28              	17              	18              	1382.000000 	16.000290   	138.000000  	0.000000    	Open  	;
 29              	18              	116             	731.000000  	16.000150   	138.000000  	0.000000    	Open  	;
 30              	0               	4               	1570.000000 	7.999764    	139.000000  	0.000000    	Open  	;
 31              	29              	28              	1402.000000 	24.000489   	138.000000  	0.000000    	Open  	;
 32              	45              	46              	1811.000000 	7.999830    	140.000000  	0.000000    	Open  	;
 33              	23              	124             	1845.000000 	12.000000   	140.000000  	0.000000    	Open  	;
 34              	122             	123             	2433.000000 	12.000000   	140.000000  	0.000000    	Open  	;
 35              	34              	30              	10260.284142	24.000979   	138.000000  	0.000000    	Open  	;
 36              	41              	39              	1066.000000 	7.999947    	138.000000  	0.000000    	Open  	;
 37              	2               	3               	1066.000000 	7.999796    	139.000000  	0.000000    	Open  	;
 38              	11              	10              	1000.000000 	7.999805    	138.000000  	0.000000    	Open  	;
 39              	117             	17              	1537.000000 	16.000075   	138.000000  	0.000000    	Open  	;
 40              	20              	21              	2125.000000 	20.000594   	138.000000  	0.000000    	Open  	;
 41              	20              	115             	3227.000000 	16.000327   	138.000000  	0.000000    	Open  	;
 42              	19              	125             	2125.000000 	20.000167   	138.000000  	0.000000    	Open  	;
 43              	19              	20              	942.000000  	20.000000   	138.000000  	0.000000    	Open  	;
 44              	21              	22              	1257.000000 	20.000439   	138.000000  	0.000000    	Open  	;
 45              	22              	23              	1101.000000 	24.000739   	138.000000  	0.000000    	Open  	;
 46              	23              	30              	1175.000000 	24.000727   	138.000000  	0.000000    	Open  	;
 47              	22              	24              	292.000000  	24.000000   	138.000000  	0.000000    	Open  	;
 48              	24              	25              	178.000000  	24.000000   	138.000000  	0.000000    	Open  	;
 49              	25              	26              	336.000000  	24.000000   	138.000000  	0.000000    	Open  	;
 50              	26              	27              	76.000000   	24.000000   	138.000000  	0.000000    	Open  	;
 51              	27              	28              	144.000000  	24.000000   	138.000000  	0.000000    	Open  	;
 52              	30              	31              	1146.000000 	12.000000   	138.000000  	0.000000    	Open  	;
 53              	31              	32              	1699.000000 	12.000000   	138.000000  	0.000000    	Open  	;
 54              	32              	33              	645.000000  	12.000000   	138.000000  	0.000000    	Open  	;
 55              	33              	57              	754.000000  	8.413870    	138.000000  	0.000000    	Open  	;
 56              	19              	35              	1113.000000 	7.999903    	140.000000  	0.000000    	Open  	;
 57              	35              	36              	507.000000  	8.000000    	140.000000  	0.000000    	Open  	;
 58              	35              	37              	246.000000  	7.999947    	140.000000  	0.000000    	Open  	;
 59              	37              	20              	739.000000  	7.999947    	138.000000  	0.000000    	Open  	;
 60              	35              	38              	552.000000  	8.000000    	140.000000  	0.000000    	Open  	;
 61              	37              	39              	348.000000  	8.000000    	138.000000  	0.000000    	Open  	;
 62              	39              	40              	998.000000  	8.296935    	139.000000  	0.000000    	Open  	;
 63              	40              	41              	619.000000  	8.000000    	138.000000  	0.000000    	Open  	;
 64              	40              	42              	538.000000  	7.999947    	138.000000  	0.000000    	Open  	;
 65              	42              	41              	668.000000  	8.000000    	138.000000  	0.000000    	Open  	;
 66              	42              	27              	2581.000000 	8.019783    	138.000000  	0.000000    	Open  	;
 67              	24              	43              	544.000000  	8.000000    	140.000000  	0.000000    	Open  	;
 68              	43              	25              	420.000000  	8.000000    	140.000000  	0.000000    	Open  	;
 69              	43              	44              	373.000000  	7.999947    	140.000000  	0.000000    	Open  	;
 70              	44              	26              	556.000000  	8.000000    	140.000000  	0.000000    	Open  	;
 71              	44              	28              	752.000000  	7.999947    	140.000000  	0.000000    	Open  	;
 72              	29              	127             	242.000000  	24.000000   	138.000000  	0.000000    	Open  	;
 73              	21              	47              	91.000000   	8.000000    	139.000000  	0.000000    	Open  	;
 74              	47              	48              	805.000000  	8.000000    	139.000000  	0.000000    	Open  	;
 75              	48              	49              	574.000000  	8.000000    	139.000000  	0.000000    	Open  	;
 76              	49              	22              	158.000000  	8.000000    	139.000000  	0.000000    	Open  	;
 77              	49              	50              	577.000000  	7.999947    	139.000000  	0.000000    	Open  	;
 78              	50              	51              	388.000000  	8.000000    	139.000000  	0.000000    	Open  	;
 79              	51              	48              	236.000000  	8.000000    	139.000000  	0.000000    	Open  	;
 80              	51              	52              	393.000000  	8.000000    	139.000000  	0.000000    	Open  	;
 81              	52              	47              	549.000000  	7.999947    	139.000000  	0.000000    	Open  	;
 82              	52              	50              	1381.000000 	7.999947    	139.000000  	0.000000    	Open  	;
 83              	23              	53              	919.000000  	9.999941    	139.000000  	0.000000    	Open  	;
 84              	53              	54              	386.000000  	9.999970    	139.000000  	0.000000    	Open  	;
 85              	54              	31              	229.000000  	10.000000   	139.000000  	0.000000    	Open  	;
 86              	53              	56              	232.000000  	8.000000    	140.000000  	0.000000    	Open  	;
 87              	56              	55              	390.000000  	8.000000    	140.000000  	0.000000    	Open  	;
 88              	55              	54              	254.000000  	8.000000    	140.000000  	0.000000    	Open  	;
 89              	55              	56              	873.000000  	7.999947    	140.000000  	0.000000    	Open  	;
 90              	32              	57              	945.000000  	7.999947    	140.000000  	0.000000    	Open  	;
 91              	57              	33              	230.000000  	8.000000    	140.000000  	0.000000    	Open  	;
 92              	31              	58              	1155.000000 	10.000000   	139.000000  	0.000000    	Open  	;
 93              	58              	59              	413.000000  	8.000000    	140.000000  	0.000000    	Open  	;
 94              	59              	60              	943.000000  	7.999947    	140.000000  	0.000000    	Open  	;
 95              	60              	59              	196.000000  	8.000000    	140.000000  	0.000000    	Open  	;
 96              	60              	61              	133.000000  	8.000000    	140.000000  	0.000000    	Open  	;
 97              	61              	62              	138.000000  	8.000000    	140.000000  	0.000000    	Open  	;
 98              	62              	63              	187.000000  	8.000000    	140.000000  	0.000000    	Open  	;
 99              	63              	64              	134.000000  	8.000000    	139.000000  	0.000000    	Open  	;
 100             	64              	65              	300.000000  	8.000000    	139.000000  	0.000000    	Open  	;
 101             	65              	66              	65.000000   	8.000000    	139.000000  	0.000000    	Open  	;
 102             	66              	67              	420.000000  	7.999947    	139.000000  	0.000000    	Open  	;
 103             	67              	61              	209.000000  	8.000000    	139.000000  	0.000000    	Open  	;
 104             	66              	67              	398.000000  	7.999947    	139.000000  	0.000000    	Open  	;
 105             	68              	58              	381.000000  	10.000000   	139.000000  	0.000000    	Open  	;
 106             	64              	65              	872.000000  	7.999947    	140.000000  	0.000000    	Open  	;
 107             	65              	68              	199.000000  	8.000000    	140.000000  	0.000000    	Open  	;
 108             	63              	62              	713.000000  	7.999947    	140.000000  	0.000000    	Open  	;
 109             	68              	69              	1095.000000 	10.000000   	139.000000  	0.000000    	Open  	;
 110             	69              	70              	231.000000  	8.000000    	140.000000  	0.000000    	Open  	;
 111             	70              	71              	695.000000  	8.000000    	140.000000  	0.000000    	Open  	;
 112             	70              	72              	528.000000  	8.000000    	140.000000  	0.000000    	Open  	;
 113             	73              	69              	938.000000  	10.000000   	139.000000  	0.000000    	Open  	;
 114             	72              	74              	169.000000  	8.000000    	140.000000  	0.000000    	Open  	;
 115             	74              	73              	127.000000  	8.000000    	140.000000  	0.000000    	Open  	;
 116             	72              	75              	928.000000  	7.999947    	139.000000  	0.000000    	Open  	;
 117             	75              	74              	336.000000  	8.000000    	139.000000  	0.000000    	Open  	;
 118             	75              	76              	772.000000  	8.000000    	139.000000  	0.000000    	Open  	;
 119             	76              	77              	417.000000  	8.000000    	139.000000  	0.000000    	Open  	;
 120             	77              	73              	655.000000  	10.000000   	139.000000  	0.000000    	Open  	;
 121             	76              	78              	167.000000  	8.000000    	139.000000  	0.000000    	Open  	;
 122             	78              	79              	169.000000  	8.000000    	139.000000  	0.000000    	Open  	;
 123             	79              	80              	195.000000  	10.000000   	139.000000  	0.000000    	Open  	;
 124             	80              	81              	333.000000  	10.000000   	139.000000  	0.000000    	Open  	;
 125             	81              	77              	60.000000   	10.000000   	139.000000  	0.000000    	Open  	;
 126             	78              	71              	895.000000  	8.000000    	139.000000  	0.000000    	Open  	;
 127             	80              	82              	372.000000  	8.000000    	139.000000  	0.000000    	Open  	;
 128             	82              	83              	205.000000  	8.000000    	139.000000  	0.000000    	Open  	;
 129             	83              	84              	430.000000  	8.000000    	139.000000  	0.000000    	Open  	;
 130             	84              	81              	152.000000  	8.000000    	139.000000  	0.000000    	Open  	;
 131             	84              	83              	1586.000000 	7.999947    	139.000000  	0.000000    	Open  	;
 132             	82              	85              	174.000000  	8.000000    	139.000000  	0.000000    	Open  	;
 133             	85              	86              	456.000000  	8.000000    	139.000000  	0.000000    	Open  	;
 134             	86              	87              	341.000000  	8.000000    	139.000000  	0.000000    	Open  	;
 135             	87              	85              	507.000000  	8.000000    	139.000000  	0.000000    	Open  	;
 136             	87              	88              	195.000000  	8.000000    	139.000000  	0.000000    	Open  	;
 137             	88              	79              	250.000000  	10.000000   	139.000000  	0.000000    	Open  	;
 138             	88              	89              	191.000000  	10.000000   	139.000000  	0.000000    	Open  	;
 139             	89              	86              	926.000000  	7.999947    	140.000000  	0.000000    	Open  	;
 140             	89              	90              	464.000000  	10.000000   	139.000000  	0.000000    	Open  	;
 141             	90              	91              	178.000000  	10.000000   	139.000000  	0.000000    	Open  	;
 142             	91              	92              	167.000000  	10.000000   	139.000000  	0.000000    	Open  	;
 143             	92              	33              	403.000000  	10.000000   	139.000000  	0.000000    	Open  	;
 144             	90              	93              	143.000000  	8.000000    	139.000000  	0.000000    	Open  	;
 145             	93              	94              	331.000000  	8.000000    	139.000000  	0.000000    	Open  	;
 146             	94              	92              	157.000000  	8.000000    	139.000000  	0.000000    	Open  	;
 147             	93              	94              	1805.000000 	7.999947    	139.000000  	0.000000    	Open  	;
 148             	92              	95              	177.000000  	8.000000    	139.000000  	0.000000    	Open  	;
 149             	95              	96              	332.000000  	8.000000    	139.000000  	0.000000    	Open  	;
 150             	96              	95              	1432.000000 	7.999947    	139.000000  	0.000000    	Open  	;
 151             	91              	97              	489.000000  	8.000000    	139.000000  	0.000000    	Open  	;
 152             	97              	96              	122.000000  	8.000000    	139.000000  	0.000000    	Open  	;
 153             	97              	98              	285.000000  	8.000000    	139.000000  	0.000000    	Open  	;
 154             	98              	99              	597.000000  	8.000000    	139.000000  	0.000000    	Open  	;
 155             	99              	100             	148.000000  	8.000000    	139.000000  	0.000000    	Open  	;
 156             	100             	101             	812.000000  	7.999900    	139.000000  	0.000000    	Open  	;
 157             	101             	98              	152.000000  	8.000000    	139.000000  	0.000000    	Open  	;
 158             	100             	101             	620.000000  	8.000000    	139.000000  	0.000000    	Open  	;
 159             	98              	99              	784.000000  	7.999947    	139.000000  	0.000000    	Open  	;
 160             	97              	71              	1214.000000 	8.000000    	139.000000  	0.000000    	Open  	;
 161             	45              	46              	718.000000  	10.000000   	138.000000  	0.000000    	Open  	;
 162             	46              	120             	315.000000  	10.000000   	138.000000  	0.000000    	Open  	;
 163             	119             	104             	76.000000   	10.000000   	138.000000  	0.000000    	Open  	;
 164             	103             	102             	930.000000  	12.000000   	140.000000  	0.000000    	Open  	;
 165             	102             	128             	559.000000  	16.000000   	140.000000  	0.000000    	Open  	;
 166             	29              	105             	169.000000  	11.974181   	140.000000  	800.000000  	Open  	;
 167             	106             	104             	84.000000   	8.000000    	138.000000  	0.000000    	Open  	;
 168             	103             	121             	291.000000  	12.000000   	140.000000  	0.000000    	Open  	;
 169             	103             	104             	4700.000000 	10.121698   	138.000000  	0.000000    	Open  	;
 170             	109             	110             	4700.000000 	10.121698   	138.000000  	0.000000    	Open  	;
 171             	119             	120             	4700.000000 	10.121698   	138.000000  	0.000000    	Open  	;
 172             	117             	118             	4700.000000 	10.121698   	138.000000  	0.000000    	Open  	;
 173             	123             	124             	4700.000000 	10.121698   	138.000000  	0.000000    	Open  	;
 174             	121             	122             	4700.000000 	10.121698   	138.000000  	0.000000    	Open  	;
 175             	107             	125             	4700.000000 	10.121698   	138.000000  	0.000000    	Open  	;
 176             	113             	114             	4700.000000 	10.121698   	138.000000  	0.000000    	Open  	;
 177             	111             	112             	4700.000000 	10.121698   	138.000000  	0.000000    	Open  	;
 178             	115             	116             	4700.000000 	10.121698   	138.000000  	0.000000    	Open  	;